True Parameters: [4.03, 36, 5, 0.71]
Starting Parameters: array([ 4.11916693, 36.01735167,  5.17141096,  0.80239359])
LM Fitted Parameters: array([ 4.02995052, 11.08370989,  4.99879933,  0.7030665 ])
MCMC Fitted Parameters: array([ 4.02995052, 11.08370989,  4.99879933,  0.7030665 ])

Chi-squared of original guess:25966.79816600239
Chi-squared of lm result:1.3902281812163964
Chi-squared of mcmc result:1.390228207148631

Covariance Matrix: array([[  2661.60986437,      0.        ,  -3123.37139757,
        -11770.23103715],
       [     0.        ,      0.        ,      0.        ,
             0.        ],
       [ -3123.37139757,      0.        ,  32976.28891529,
        107809.62232676],
       [-11770.23103715,      0.        , 107809.62232676,
        362940.60312564]])
acceptance_ratio for 10 Steps: 0.0%
y: array([ -15.1073988 ,  -16.69912418,  -18.25090607,  -20.47397213,
        -22.55067739,  -24.96102313,  -27.59415234,  -30.10944975,
        -33.13122799,  -36.22761431,  -39.51141127,  -42.66090761,
        -46.28975701,  -49.88627387,  -53.84165863,  -57.65908283,
        -61.45215816,  -65.6107224 ,  -69.60587659,  -73.71644897,
        -77.5936996 ,  -81.69904062,  -85.78781165,  -89.75297309,
        -93.70102743,  -97.36279809, -101.14507072, -104.67509776,
       -108.25487105, -111.545271  , -114.78822956, -118.03629736,
       -120.90626847, -123.91925649, -126.50936341, -128.91492975,
       -131.34161238, -133.80182818, -135.65887999, -137.85846353,
       -139.52785475, -141.25985957, -142.55345607, -144.0353616 ,
       -145.25868521, -146.14429353, -147.03850514, -147.78033849,
       -148.47387892, -149.13640423, -149.55585041, -149.59726317,
       -149.75042893, -149.70447309, -149.6642261 , -149.2326915 ,
       -148.95042323, -148.30711933, -147.8321872 , -147.11729765,
       -145.95939472, -145.2036554 , -144.0251456 , -142.704868  ,
       -141.66495058, -140.21070415, -138.92674258, -136.92166416,
       -135.16342112, -133.46958101, -131.72714122, -129.74912821,
       -127.76179786, -125.99477675, -123.70607968, -121.71185849,
       -119.40794416, -117.06488565, -114.67386729, -112.66068585,
       -110.28230807, -107.57817309, -105.41561384, -102.84036766,
       -100.40207557,  -98.09064251,  -95.41575993,  -93.07039032,
        -90.61330968,  -88.25517606,  -85.82235856,  -83.52053321,
        -80.94656898,  -78.70825178,  -76.37263779,  -74.1249254 ,
        -71.6301998 ,  -69.54394059,  -67.34474974,  -65.31399142,
        -63.19360814,  -61.21133703,  -58.96149189,  -57.11533459,
        -55.1274798 ,  -53.30004727,  -51.59202695,  -49.81812291,
        -48.09360893,  -46.72160759,  -45.10632518,  -43.18105174,
        -42.01596221,  -40.64710409,  -39.20296524,  -37.81493618,
        -36.68990817,  -35.37142   ,  -34.0223018 ,  -33.03437045,
        -31.87053674,  -31.01328374,  -30.02644884,  -29.07291102,
        -28.14471197,  -27.26221243,  -26.42216691,  -25.57061913])chi-surf: array([      0.        , 1281156.40622924, 1281156.18030415,
        100000.        , 1281156.40195788, 1281156.18175819,
        100000.        ,  100000.        ,  100000.        ,
       1281156.3842796 ])