array([[5.        , 0.03      , 0.9       , 0.1       , 0.1       ,
        4.89      ],
       [4.99536493, 0.02760371, 0.89487687, 0.10375622, 0.0966118 ,
        4.89259785],
       [4.9945123 , 0.01806207, 0.8950465 , 0.10575566, 0.08352023,
        4.8941012 ],
       ...,
       [5.18018589, 0.02033823, 0.93015926, 0.11089496, 0.09419688,
        4.87966914],
       [5.18018589, 0.02033823, 0.93015926, 0.11089496, 0.09419688,
        4.87966914],
       [5.18018589, 0.02033823, 0.93015926, 0.11089496, 0.09419688,
        4.87966914]])