array([[5.00000000e+00, 3.00000000e-02, 9.00000000e-01, 1.00000000e-01,
        1.00000000e-01, 4.89000000e+00],
       [5.00000000e+00, 3.00000000e-02, 9.00000000e-01, 1.00000000e-01,
        1.00000000e-01, 4.89000000e+00],
       [4.99453120e+00, 2.90104474e-02, 9.03821097e-01, 9.94343375e-02,
        1.07088807e-01, 4.88997016e+00],
       ...,
       [5.04825963e+00, 2.02534519e-03, 9.90620709e-01, 2.63208649e-01,
        2.93945285e-01, 4.97478906e+00],
       [5.04825963e+00, 2.02534519e-03, 9.90620709e-01, 2.63208649e-01,
        2.93945285e-01, 4.97478906e+00],
       [5.04982444e+00, 2.62880552e-03, 9.90157930e-01, 2.60085713e-01,
        2.96940003e-01, 4.97151566e+00]])