1.168352574092455853e+01 1.156790795000194727e+01 1.144264856260310914e+01 1.152852208226466502e+01
nan nan 1.160062276450119079e+01 nan
1.131275440553791078e+01 1.155095770668703814e+01 1.157451786776289104e+01 nan
1.143168402794308669e+01 nan 1.168132438788411598e+01 1.156688536867132022e+01
1.160864402590958377e+01 1.144514260881064871e+01 1.151934136219770011e+01 1.147679393176553297e+01
nan nan nan 1.138905241660937939e+01
1.114715708045656761e+01 1.169627703450864686e+01 nan nan
nan 1.152495021654770646e+01 nan nan
nan 1.154477885496991973e+01 nan 1.166760625699986775e+01
1.162163905492439220e+01 1.121149101968311790e+01 nan nan
1.173072046182057981e+01 1.161639370350749090e+01 nan 1.161043684976136170e+01
nan nan 1.160088894877517163e+01 1.147528724543065870e+01
nan nan 1.145006163644554498e+01 1.142402189696790060e+01
1.150426761699326228e+01 nan nan 1.131459814860786217e+01
1.158669696718765785e+01 nan 1.143476484800560655e+01 nan
1.115417072169496038e+01 nan 1.159883732273706336e+01 nan
1.171457821006768540e+01 1.169197574757800595e+01 nan nan
1.161593830337290889e+01 nan 1.161441139188421090e+01 nan
1.163056819187907820e+01 1.169399272189561145e+01 nan 1.142619667681480955e+01
1.163016660368110422e+01 nan nan 1.147953224457489796e+01
1.166370685521318329e+01 nan nan nan
nan nan 1.147753115737519103e+01 nan
1.155881728886714477e+01 nan nan nan
1.160851177893726494e+01 1.167636804518748050e+01 nan nan
1.167966165552581437e+01 nan nan nan
2.839712545188474713e-01 1.903296168894756113e-01 8.813698452912559211e-02 1.579551439966267179e-01
nan nan 2.172579715944097933e-01 nan
-1.693105357460608987e-02 1.763544864912307553e-01 1.954155775739918333e-01 nan
7.938988453316431215e-02 nan 2.820128038007976845e-01 1.900572638674732917e-01
2.234619458022834293e-01 8.959743123983485158e-02 1.511620604616886188e-01 1.171682659351233891e-01
nan nan nan 4.703896582234269597e-02
-1.511809895772024959e-01 2.942451226283716026e-01 nan nan
nan 1.555188877859599306e-01 nan nan
nan 1.712798032707388840e-01 nan 2.712760550199793119e-01
2.337940757230314859e-01 -1.003613117058517190e-01 nan nan
3.221812155620892293e-01 2.296662494444729752e-01 nan 2.246077132213114558e-01
nan nan 2.167291088401643306e-01 1.152359653621365526e-01
nan nan 9.438014779569044166e-02 7.235756141791944984e-02
1.385445191259020992e-01 nan nan -1.482985283202598037e-02
2.057836357754239676e-01 nan 8.284608506823298857e-02 nan
-1.462398103631103730e-01 nan 2.155341093448712997e-01 nan
3.091005572885935915e-01 2.908439384990119669e-01 nan nan
2.291539636920495726e-01 nan 2.278452548236786779e-01 nan
2.412001895222784242e-01 2.925655802682777806e-01 nan 7.390283720126014644e-02
2.406945019572505340e-01 nan nan 1.189021871705020633e-01
2.679916590873024917e-01 nan nan nan
nan nan 1.181720353019018871e-01 nan
1.826620278949663279e-01 nan nan nan
2.235750311896910758e-01 2.779846263897881031e-01 nan nan
2.807726733178056433e-01 nan nan nan
9.475843698909740098e+00 9.381859077860481122e+00 9.280735905216911164e+00 9.349883840723311579e+00
nan nan 9.408743266143854811e+00 nan
9.172173034833297933e+00 9.368057019301508248e+00 9.387276884760231255e+00 nan
9.271998549911881327e+00 nan 9.473700573890756260e+00 9.381398131813288188e+00
9.415355428708476637e+00 9.280444356566938779e+00 9.343461328211240868e+00 9.308811025896888580e+00
nan nan nan 9.238671859506277784e+00
9.035318456577975610e+00 9.485944378268509780e+00 nan nan
nan 9.347501620611959439e+00 nan nan
nan 9.363105819080942638e+00 nan 9.462904684798058241e+00
9.425860180363219598e+00 9.096643573719402909e+00 nan nan
9.514011461254691326e+00 9.421436487326136699e+00 nan 9.416937121121279120e+00
nan nan 9.408611314117516500e+00 9.307143216878824177e+00
nan nan 9.286128727066255806e+00 9.263692053183314457e+00
9.330102691037884810e+00 nan nan 9.175679184973487779e+00
9.397499799051065139e+00 nan 9.274034660980614575e+00 nan
9.049937704632357693e+00 nan 9.407168809466718074e+00 nan
9.500664824162138089e+00 9.482592581812189891e+00 nan nan
9.420951628896819585e+00 nan 9.419271124494246195e+00 nan
9.433004223824681844e+00 9.484577215177825593e+00 nan 9.266028617784284549e+00
9.432685587958133056e+00 nan nan 9.309956618562219788e+00
9.459737307200853706e+00 nan nan nan
nan nan 9.309460442211086928e+00 nan
9.374712049134027225e+00 nan nan nan
9.415670788685135406e+00 9.469407575554569689e+00 nan nan
9.472431460025305228e+00 nan 8.333245950825034498e+00 nan
5.759229045836339234e+37 2.588269429077390784e+37 1.087780297910468294e+37 1.985007854952838841e+37
-7.765383083022297182e+37 -2.284241100615172663e+36 3.253831661443628715e+37 -1.014680468803468742e+38
4.376559210344292557e+36 2.293575911006135241e+37 2.706429814220142703e+37 -3.148130030514534361e+36
1.010016493436990313e+37 -2.158943775484856867e+37 5.646295123946554626e+37 2.572821078707391918e+37
3.440628114445873501e+37 1.102702135937959061e+37 1.866763304076867342e+37 1.392958132531427346e+37
-3.102320473968380892e+37 -2.529151658641243238e+37 -8.559261791061615487e+37 7.673767838297367005e+36
1.263425603241819283e+36 6.289660368160688838e+37 -2.712571685363018708e+37 -1.120242592273449936e+37
-1.139043364422071868e+38 1.923525324262675532e+37 -3.291630405789085288e+36 -2.773081215700839210e+37
-6.588166445664161443e+36 2.209084510542981110e+37 -1.297092916741547518e+37 5.175238603899810604e+37
3.760953096019051491e+37 2.218006856869904146e+36 -6.507536067139061323e+37 -7.543644054063435102e+36
7.979804025533104004e+37 3.624266063341458560e+37 -6.334904959456967523e+37 3.493162873719863812e+37
-4.529467210334877272e+36 -5.373146099045354755e+37 3.246160782503093604e+37 1.364689408728287426e+37
-5.708892381565329042e+37 -5.031082290683457520e+37 1.120473102905961118e+37 9.264826578673219496e+36
1.667233253943636762e+37 -6.511018658521152599e+37 -8.597587530511250085e+36 4.328022341363196054e+36
2.952502390145657039e+37 -3.873552615696588549e+37 1.043372310513414383e+37 -1.858995362913042683e+37
1.436930422377922398e+36 2.036002661020798924e+34 3.208089594300622793e+37 -8.576292633446818067e+37
7.104601246689117860e+37 6.109900972800582822e+37 -2.634130449803100910e+37 -3.833970253949953572e+35
3.613407343026428566e+37 -2.020174954247118116e+37 3.574063088265996983e+37 -5.266553972452729090e+37
4.005772311871684423e+37 6.204083739286678068e+37 -3.746605619347662188e+37 9.563282304817294276e+36
4.004627092941788925e+37 -5.644338426610842594e+37 -1.475690759705956443e+37 1.415484397948593891e+37
5.045997218251935124e+37 -7.355822300594033321e+36 -5.514047298271968401e+35 -6.142295008170521491e+37
-3.233932780046789133e+37 -6.921572483364414124e+37 1.398308406621609842e+37 -3.820572712057244999e+37
2.444804260188727993e+37 -1.450355739473284377e+36 -6.485436675250395253e+36 -9.785812248712925953e+36
3.461368095691530780e+37 5.448928509326621545e+37 -9.573639452454196261e+36 -6.459300103759984903e+37
5.599353183169508266e+37 -1.480888909529500094e+37 -3.553897906414229456e+34 -4.041354801440686467e+37
